service_id,monday,tuesday,wednesday,thursday,friday,saturday,sunday,start_date,end_date
128.793.8,1,1,1,1,1,0,0,20251119,20261231
128.1558.8,0,0,0,0,0,0,0,20251119,20261231
128.314.8,0,0,0,0,0,0,1,20251119,20261231
128.494.8,0,0,0,0,0,1,0,20251119,20261231
129.793.17,1,1,1,1,1,0,0,20251124,20261231
129.1558.17,0,0,0,0,0,0,0,20251124,20261231
129.314.17,0,0,0,0,0,0,1,20251124,20261231
129.494.17,0,0,0,0,0,1,0,20251124,20261231
130.2231.5,1,1,1,1,1,1,1,20210714,20261231
130.2232.5,0,0,0,0,0,0,0,20210714,20261231
132.793.22,1,1,1,1,1,0,0,20241011,20261231
132.1558.22,0,0,0,0,0,0,0,20241011,20261231
132.314.22,0,0,0,0,0,0,1,20241011,20261231
132.494.22,0,0,0,0,0,1,0,20241011,20261231
139.1603.15,1,1,1,1,1,0,0,20230918,20261231
139.494.15,0,0,0,0,0,1,0,20230918,20261231
141.1603.33,1,1,1,1,1,0,0,20251223,20271231
141.314.33,0,0,0,0,0,0,1,20251223,20271231
141.494.33,0,0,0,0,0,1,0,20251223,20271231
142.793.32,1,1,1,1,1,0,0,20251003,20261231
142.1558.32,0,0,0,0,0,0,0,20251003,20261231
142.314.32,0,0,0,0,0,0,1,20251003,20261231
142.494.32,0,0,0,0,0,1,0,20251003,20261231
142.494.33,0,0,0,0,0,1,0,20251003,20261231
143.793.25,1,1,1,1,1,0,0,20251001,20261231
143.314.25,0,0,0,0,0,0,1,20251001,20261231
143.764.25,0,0,0,0,0,1,0,20251001,20261231
146.793.24,1,1,1,1,1,0,0,20250307,20261231
146.1558.24,0,0,0,0,0,0,0,20250307,20261231
146.314.24,0,0,0,0,0,0,1,20250307,20261231
146.494.24,0,0,0,0,0,1,0,20250307,20261231
156.1603.22,1,1,1,1,1,0,0,20251013,20261231
156.314.22,0,0,0,0,0,0,1,20251013,20261231
156.494.22,0,0,0,0,0,1,0,20251013,20261231
157.793.23,1,1,1,1,1,0,0,20260112,20260327
157.1558.23,0,0,0,0,0,0,0,20260112,20260327
157.934.23,0,0,0,0,0,0,0,20260112,20260327
157.314.23,0,0,0,0,0,0,1,20260112,20260327
157.494.23,0,0,0,0,0,1,0,20260112,20260327
158.2253.11,1,1,1,1,1,0,0,20231129,20261231
158.764.11,0,0,0,0,0,1,0,20231129,20261231
163.2248.14,0,0,0,0,0,0,1,20231214,20261231
163.2247.14,1,1,1,1,1,1,0,20231214,20261231
164.793.12,1,1,1,1,1,0,0,20250401,20261231
164.1558.12,0,0,0,0,0,0,0,20250401,20261231
164.314.12,0,0,0,0,0,0,1,20250401,20261231
164.494.12,0,0,0,0,0,1,0,20250401,20261231
165.793.23,1,1,1,1,1,0,0,20251229,20271231
165.764.23,0,0,0,0,0,1,0,20251229,20271231
165.793.24,1,1,1,1,1,0,0,20251229,20271231
165.764.24,0,0,0,0,0,1,0,20251229,20271231
173.793.19,1,1,1,1,1,0,0,20251129,20261231
173.314.19,0,0,0,0,0,0,1,20251129,20261231
173.764.19,0,0,0,0,0,1,0,20251129,20261231
177.2170.16,1,1,1,1,1,0,0,20251126,20271231
177.314.16,0,0,0,0,0,0,1,20251126,20271231
177.2255.16,0,0,0,0,0,0,0,20251126,20271231
177.764.16,0,0,0,0,0,1,0,20251126,20271231
177.2170.17,1,1,1,1,1,0,0,20251126,20271231
181.793.23,1,1,1,1,1,0,0,20250310,20261231
181.314.23,0,0,0,0,0,0,1,20250310,20261231
181.764.23,0,0,0,0,0,1,0,20250310,20261231
194.28.30,1,1,1,1,1,1,1,20251209,20261231
195.793.23,1,1,1,1,1,0,0,20230607,20261231
195.989.23,0,0,0,0,0,1,1,20230607,20261231
195.314.23,0,0,0,0,0,0,1,20230607,20261231
195.764.23,0,0,0,0,0,1,0,20230607,20261231
196.793.21,1,1,1,1,1,0,0,20250701,20271231
196.314.21,0,0,0,0,0,0,1,20250701,20271231
196.764.21,0,0,0,0,0,1,0,20250701,20271231
198.1603.13,1,1,1,1,1,0,0,20230619,20261231
198.314.13,0,0,0,0,0,0,1,20230619,20261231
198.494.13,0,0,0,0,0,1,0,20230619,20261231
199.2265.28,1,1,1,1,1,1,1,20250514,20261231
199.2266.28,0,0,0,0,0,0,0,20250514,20261231
200.793.17,1,1,1,1,1,0,0,20251209,20261231
200.314.17,0,0,0,0,0,0,1,20251209,20261231
200.764.17,0,0,0,0,0,1,0,20251209,20261231
202.1169.25,1,1,1,1,1,1,0,20250227,20261231
202.314.25,0,0,0,0,0,0,1,20250227,20261231
204.2277.26,1,1,0,1,1,0,0,20250520,20261231
204.2280.26,0,0,1,0,0,0,0,20250520,20261231
204.2278.26,1,1,0,1,1,0,0,20250520,20261231
204.1654.26,0,0,0,0,0,1,1,20250520,20261231
204.2281.26,0,0,1,0,0,0,0,20250520,20261231
206.2277.31,1,1,0,1,1,0,0,20251113,20261231
206.2280.31,0,0,1,0,0,0,0,20251113,20261231
206.2278.31,1,1,0,1,1,0,0,20251113,20261231
206.1654.31,0,0,0,0,0,1,1,20251113,20261231
206.2281.31,0,0,1,0,0,0,0,20251113,20261231
207.1169.23,1,1,1,1,1,1,0,20250227,20261231
207.314.23,0,0,0,0,0,0,1,20250227,20261231
209.1169.18,1,1,1,1,1,1,0,20240722,20271231
209.314.18,0,0,0,0,0,0,1,20240722,20271231
210.2243.15,0,0,0,0,0,0,0,20240812,20261231
210.2244.15,1,1,1,1,1,1,1,20240812,20261231
211.2293.26,1,1,0,1,1,0,0,20250506,20261231
211.2291.26,1,1,0,1,1,1,1,20250506,20261231
211.2248.26,0,0,0,0,0,0,1,20250506,20261231
211.2294.26,0,0,1,0,0,0,0,20250506,20261231
211.2292.26,0,0,1,0,0,0,0,20250506,20261231
211.2295.26,0,0,0,0,0,1,0,20250506,20261231
211.2294.27,0,0,1,0,0,0,0,20250506,20261231
211.2292.27,0,0,1,0,0,0,0,20250506,20261231
212.2282.39,0,0,1,0,0,0,0,20251209,20261231
212.2245.39,0,0,0,0,0,1,1,20251209,20261231
212.2246.39,0,0,0,0,0,0,0,20251209,20261231
212.2284.39,1,1,0,1,1,0,0,20251209,20261231
212.2282.40,0,0,1,0,0,0,0,20251209,20261231
213.2282.31,0,0,1,0,0,0,0,20250506,20261231
213.314.31,0,0,0,0,0,0,1,20250506,20261231
213.494.31,0,0,0,0,0,1,0,20250506,20261231
213.2284.31,1,1,0,1,1,0,0,20250506,20261231
213.2282.32,0,0,1,0,0,0,0,20250505,20261231
214.793.19,1,1,1,1,1,0,0,20250101,20261231
214.314.19,0,0,0,0,0,0,1,20250101,20261231
214.764.19,0,0,0,0,0,1,0,20250101,20261231
215.793.36,1,1,1,1,1,0,0,20251025,20261231
215.2170.36,1,1,1,1,1,0,0,20251025,20261231
215.314.36,0,0,0,0,0,0,1,20251025,20261231
215.764.36,0,0,0,0,0,1,0,20251025,20261231
216.28.9,1,1,1,1,1,1,1,20250430,20261231
217.2268.24,1,1,1,1,1,0,1,20240923,20261231
217.2252.25,0,0,0,0,0,1,0,20240923,20261231
218.28.27,1,1,1,1,1,1,1,20251001,20261231
219.22.16,1,1,1,1,1,1,1,20250222,20261231
220.2268.41,1,1,1,1,1,0,1,20250513,20271231
220.2252.41,0,0,0,0,0,1,0,20250513,20271231
221.2252.29,0,0,0,0,0,1,0,20240801,20261231
221.28.29,1,1,1,1,1,1,1,20240801,20261231
222.28.26,1,1,1,1,1,1,1,20251107,20261231
223.28.37,1,1,1,1,1,1,1,20240801,20261231
224.22.15,1,1,1,1,1,1,1,20231001,20261231
224.28.15,1,1,1,1,1,1,1,20231001,20261231
225.28.47,1,1,1,1,1,1,1,20251223,20271231
226.28.17,1,1,1,1,1,1,1,20250430,20261231
227.28.22,1,1,1,1,1,1,1,20250430,20261231
228.28.9,1,1,1,1,1,1,1,20250417,20261231
229.28.31,1,1,1,1,1,1,1,20250430,20261231
230.28.17,1,1,1,1,1,1,1,20250317,20261231
231.28.34,1,1,1,1,1,1,1,20260112,20260320
232.28.20,1,1,1,1,1,1,1,20241022,20271231
232.28.21,1,1,1,1,1,1,1,20241022,20271231
234.28.20,1,1,1,1,1,1,1,20250304,20261231
235.2259.18,0,0,0,0,0,0,1,20250304,20261231
235.2262.18,0,0,0,0,0,1,0,20250304,20261231
235.2260.18,0,0,0,0,0,0,1,20250304,20261231
235.2261.18,1,1,1,1,1,0,0,20250304,20261231
236.2258.25,0,0,0,0,0,1,1,20250613,20261231
237.1603.11,1,1,1,1,1,0,0,20231201,20271231
248.793.27,1,1,1,1,1,0,0,20241221,20261231
248.314.27,0,0,0,0,0,0,1,20241221,20261231
248.764.27,0,0,0,0,0,1,0,20241221,20261231
249.793.11,1,1,1,1,1,0,0,20220919,20261231
249.314.11,0,0,0,0,0,0,1,20220919,20261231
249.764.11,0,0,0,0,0,1,0,20220919,20261231
250.793.11,1,1,1,1,1,0,0,20240311,20261231
250.989.11,0,0,0,0,0,1,1,20240311,20261231
251.793.10,1,1,1,1,1,0,0,20251025,20261231
251.1558.10,0,0,0,0,0,0,0,20251025,20261231
252.2276.9,1,0,0,0,0,0,0,20240901,20261231
252.2273.9,0,1,1,1,1,0,0,20240901,20261231
252.2274.9,0,1,1,1,1,0,0,20240901,20261231
252.2275.9,1,0,0,0,0,0,0,20240901,20261231
252.2276.10,1,0,0,0,0,0,0,20240901,20261231
252.2275.10,1,0,0,0,0,0,0,20240901,20261231
264.2277.22,1,1,0,1,1,0,0,20260112,20271231
264.2280.22,0,0,1,0,0,0,0,20260112,20271231
264.494.22,0,0,0,0,0,1,0,20260112,20271231
264.2278.22,1,1,0,1,1,0,0,20260112,20271231
264.2281.22,0,0,1,0,0,0,0,20260112,20271231
264.2277.26,1,1,0,1,1,0,0,20251126,20260118
264.2280.26,0,0,1,0,0,0,0,20251126,20260118
264.494.26,0,0,0,0,0,1,0,20251126,20260118
264.2278.26,1,1,0,1,1,0,0,20251126,20260118
264.2281.26,0,0,1,0,0,0,0,20251126,20260118
265.2277.20,1,1,0,1,1,0,0,20260112,20271231
265.2280.20,0,0,1,0,0,0,0,20260112,20271231
265.494.20,0,0,0,0,0,1,0,20260112,20271231
265.2278.20,1,1,0,1,1,0,0,20260112,20271231
265.2281.20,0,0,1,0,0,0,0,20260112,20271231
268.28.24,1,1,1,1,1,1,1,20241001,20261231
269.2231.3,1,1,1,1,1,1,1,20210714,20261231
269.2232.3,0,0,0,0,0,0,0,20210714,20261231
297.1603.13,1,1,1,1,1,0,0,20250524,20261231
299.793.3,1,1,1,1,1,0,0,20220512,20261231
299.989.3,0,0,0,0,0,1,1,20220512,20261231
299.764.3,0,0,0,0,0,1,0,20220512,20261231
300.793.9,1,1,1,1,1,0,0,20240917,20261231
300.989.9,0,0,0,0,0,1,1,20240917,20261231
300.764.9,0,0,0,0,0,1,0,20240917,20261231
301.793.17,1,1,1,1,1,0,0,20220618,20261231
301.314.17,0,0,0,0,0,0,1,20220618,20261231
301.764.17,0,0,0,0,0,1,0,20220618,20261231
302.793.38,1,1,1,1,1,0,0,20250610,20261231
302.1558.38,0,0,0,0,0,0,0,20250610,20261231
302.314.38,0,0,0,0,0,0,1,20250610,20261231
302.494.38,0,0,0,0,0,1,0,20250610,20261231
302.494.39,0,0,0,0,0,1,0,20250610,20261231
303.793.18,1,1,1,1,1,0,0,20240801,20261231
303.314.18,0,0,0,0,0,0,1,20240801,20261231
303.764.18,0,0,0,0,0,1,0,20240801,20261231
305.793.11,1,1,1,1,1,0,0,20240801,20261231
305.764.11,0,0,0,0,0,1,0,20240801,20261231
305.793.12,1,1,1,1,1,0,0,20240801,20261231
305.764.12,0,0,0,0,0,1,0,20240801,20261231
307.314.24,0,0,0,0,0,0,1,20240801,20261231
307.2271.26,0,0,0,1,0,0,0,20240809,20261231
307.2272.26,0,0,0,1,0,0,0,20240809,20261231
307.494.27,0,0,0,0,0,1,0,20240801,20261231
307.2270.28,1,1,1,0,1,0,0,20250115,20261231
307.2271.28,0,0,0,1,0,0,0,20250115,20261231
307.2269.28,1,1,1,0,1,0,0,20250115,20261231
307.314.28,0,0,0,0,0,0,1,20250115,20261231
307.2272.28,0,0,0,1,0,0,0,20250115,20261231
307.494.28,0,0,0,0,0,1,0,20250115,20261231
310.1169.5,1,1,1,1,1,1,0,20220408,20271231
313.793.27,1,1,1,1,1,0,0,20251210,20271231
313.1558.27,0,0,0,0,0,0,0,20251210,20271231
313.314.27,0,0,0,0,0,0,1,20251210,20271231
313.494.27,0,0,0,0,0,1,0,20251210,20271231
325.793.27,1,1,1,1,1,0,0,20251223,20271231
325.314.27,0,0,0,0,0,0,1,20251223,20271231
325.764.27,0,0,0,0,0,1,0,20251223,20271231
326.793.31,1,1,1,1,1,0,0,20251121,20261231
326.1558.31,0,0,0,0,0,0,0,20251121,20261231
326.494.31,0,0,0,0,0,1,0,20251121,20261231
326.314.32,0,0,0,0,0,0,1,20241115,20261231
326.314.33,0,0,0,0,0,0,1,20241115,20261231
327.1603.37,1,1,1,1,1,0,0,20251223,20271231
327.314.37,0,0,0,0,0,0,1,20251223,20271231
327.494.37,0,0,0,0,0,1,0,20251223,20271231
328.793.42,1,1,1,1,1,0,0,20251230,20261231
328.314.42,0,0,0,0,0,0,1,20251230,20261231
328.764.42,0,0,0,0,0,1,0,20251230,20261231
329.793.17,1,1,1,1,1,0,0,20241115,20261231
329.1558.17,0,0,0,0,0,0,0,20241115,20261231
329.989.17,0,0,0,0,0,1,1,20241115,20261231
329.764.17,0,0,0,0,0,1,0,20241115,20261231
349.1654.7,0,0,0,0,0,1,1,20240901,20271231
361.1603.4,1,1,1,1,1,0,0,20230823,20261231
387.2170.7,1,1,1,1,1,0,0,20230904,20261231
387.1294.7,0,0,0,0,0,1,0,20230904,20261231
387.934.7,0,0,0,0,0,0,0,20230904,20261231
387.314.7,0,0,0,0,0,0,1,20230904,20261231
387.2255.7,0,0,0,0,0,0,0,20230904,20261231
388.793.6,1,1,1,1,1,0,0,20240801,20261231
388.1294.6,0,0,0,0,0,1,0,20240801,20261231
388.934.6,0,0,0,0,0,0,0,20240801,20261231
388.314.6,0,0,0,0,0,0,1,20240801,20261231
388.2170.7,1,1,1,1,1,0,0,20240801,20261231
388.2255.7,0,0,0,0,0,0,0,20240801,20261231
389.793.9,1,1,1,1,1,0,0,20250516,20261231
389.1558.9,0,0,0,0,0,0,0,20250516,20261231
389.793.10,1,1,1,1,1,0,0,20251024,20261231
389.1558.10,0,0,0,0,0,0,0,20251024,20261231
389.314.10,0,0,0,0,0,0,1,20251024,20261231
389.494.10,0,0,0,0,0,1,0,20251024,20261231
394.28.11,1,1,1,1,1,1,1,20251122,20261231
395.28.13,1,1,1,1,1,1,1,20250630,20261231
403.793.12,1,1,1,1,1,0,0,20250610,20261231
403.314.12,0,0,0,0,0,0,1,20250610,20261231
403.764.12,0,0,0,0,0,1,0,20250610,20261231
404.793.16,1,1,1,1,1,0,0,20251112,20271231
404.314.16,0,0,0,0,0,0,1,20251112,20271231
404.764.16,0,0,0,0,0,1,0,20251112,20271231
405.2280.25,0,0,1,0,0,0,0,20250127,20261231
405.2281.25,0,0,1,0,0,0,0,20250127,20261231
405.2277.26,1,1,0,1,1,0,0,20250127,20261231
405.2280.26,0,0,1,0,0,0,0,20250127,20261231
405.494.26,0,0,0,0,0,1,0,20250127,20261231
405.2278.26,1,1,0,1,1,0,0,20250127,20261231
405.2281.26,0,0,1,0,0,0,0,20250127,20261231
408.793.17,1,1,1,1,1,0,0,20251003,20261231
408.1558.17,0,0,0,0,0,0,0,20251003,20261231
408.314.17,0,0,0,0,0,0,1,20251003,20261231
408.494.17,0,0,0,0,0,1,0,20251003,20261231
413.793.27,1,1,1,1,1,0,0,20250307,20261231
413.1558.27,0,0,0,0,0,0,0,20250307,20261231
413.314.27,0,0,0,0,0,0,1,20250307,20261231
413.494.27,0,0,0,0,0,1,0,20250307,20261231
415.793.20,1,1,1,1,1,0,0,20251001,20261231
415.314.20,0,0,0,0,0,0,1,20251001,20261231
415.764.20,0,0,0,0,0,1,0,20251001,20261231
417.793.25,1,1,1,1,1,0,0,20251025,20261231
417.1558.25,0,0,0,0,0,0,0,20251025,20261231
417.314.25,0,0,0,0,0,0,1,20251025,20261231
417.494.25,0,0,0,0,0,1,0,20251025,20261231
418.925.12,0,0,0,0,0,0,1,20251129,20261231
418.793.12,1,1,1,1,1,0,0,20251129,20261231
418.1558.12,0,0,0,0,0,0,0,20251129,20261231
418.880.12,0,0,0,0,0,1,0,20251129,20261231
418.1015.12,0,0,0,0,0,0,0,20251129,20261231
418.314.12,0,0,0,0,0,0,1,20251129,20261231
418.494.12,0,0,0,0,0,1,0,20251129,20261231
418.790.12,1,1,1,1,1,0,0,20251129,20261231
419.793.1,1,1,1,1,1,0,0,20230515,20271231
419.314.1,0,0,0,0,0,0,1,20230515,20271231
419.764.1,0,0,0,0,0,1,0,20230515,20271231
420.2277.18,1,1,0,1,1,0,0,20250101,20261231
420.2280.18,0,0,1,0,0,0,0,20250101,20261231
420.2280.19,0,0,1,0,0,0,0,20250101,20261231
423.793.20,1,1,1,1,1,0,0,20250102,20261231
423.1558.20,0,0,0,0,0,0,0,20250102,20261231
424.793.20,1,1,1,1,1,0,0,20251209,20261231
425.793.19,1,1,1,1,1,0,0,20251209,20261231
425.1558.19,0,0,0,0,0,0,0,20251209,20261231
425.314.19,0,0,0,0,0,0,1,20251209,20261231
425.494.19,0,0,0,0,0,1,0,20251209,20261231
427.1603.11,1,1,1,1,1,0,0,20231214,20271231
427.494.11,0,0,0,0,0,1,0,20231214,20271231
430.793.13,1,1,1,1,1,0,0,20251110,20261231
430.1558.13,0,0,0,0,0,0,0,20251110,20261231
430.314.13,0,0,0,0,0,0,1,20251110,20261231
430.494.13,0,0,0,0,0,1,0,20251110,20261231
431.793.18,1,1,1,1,1,0,0,20251003,20261231
431.1558.18,0,0,0,0,0,0,0,20251003,20261231
431.314.18,0,0,0,0,0,0,1,20251003,20261231
431.494.18,0,0,0,0,0,1,0,20251003,20261231
432.793.21,1,1,1,1,1,0,0,20241118,20261231
432.314.21,0,0,0,0,0,0,1,20241118,20261231
432.764.21,0,0,0,0,0,1,0,20241118,20261231
435.1603.6,1,1,1,1,1,0,0,20250430,20261231
435.314.6,0,0,0,0,0,0,1,20250430,20261231
435.494.6,0,0,0,0,0,1,0,20250430,20261231
446.793.1,1,1,1,1,1,0,0,20250305,20261231
446.2226.1,0,0,0,0,0,1,0,20250305,20261231
447.793.5,1,1,1,1,1,0,0,20240201,20261231
447.2226.5,0,0,0,0,0,1,0,20240201,20261231
448.793.3,1,1,1,1,1,0,0,20230313,20261231
448.2226.3,0,0,0,0,0,1,0,20230313,20261231
449.2226.1,0,0,0,0,0,1,0,20220502,20261231
450.2170.1,1,1,1,1,1,0,0,20221029,20271231
471.28.14,1,1,1,1,1,1,1,20251122,20261231
472.793.6,1,1,1,1,1,0,0,20240402,20261231
472.1558.6,0,0,0,0,0,0,0,20240402,20261231
476.793.5,1,1,1,1,1,0,0,20250128,20261231
476.314.5,0,0,0,0,0,0,1,20250128,20261231
476.764.5,0,0,0,0,0,1,0,20250128,20261231
479.2282.6,0,0,1,0,0,0,0,20240930,20261231
479.2279.6,1,1,0,1,1,1,0,20240930,20261231
479.314.6,0,0,0,0,0,0,1,20240930,20261231
479.2282.7,0,0,1,0,0,0,0,20240930,20261231
483.28.3,1,1,1,1,1,1,1,20251027,20261231
485.1603.7,1,1,1,1,1,0,0,20240724,20261231
485.1603.8,1,1,1,1,1,0,0,20240724,20261231
486.793.2,1,1,1,1,1,0,0,20250107,20261231
487.793.3,1,1,1,1,1,0,0,20250520,20261231
488.2248.1,0,0,0,0,0,0,1,20231214,20261231
488.2247.1,1,1,1,1,1,1,0,20231214,20261231
489.2170.8,1,1,1,1,1,0,0,20250505,20261231
489.2249.8,0,0,0,0,0,0,0,20250505,20261231
489.314.8,0,0,0,0,0,0,1,20250505,20261231
489.494.8,0,0,0,0,0,1,0,20250505,20261231
489.2170.9,1,1,1,1,1,0,0,20250505,20261231
489.2249.9,0,0,0,0,0,0,0,20250505,20261231
489.314.9,0,0,0,0,0,0,1,20250505,20261231
489.494.9,0,0,0,0,0,1,0,20250505,20261231
490.2170.3,1,1,1,1,1,0,0,20240916,20261231
492.494.10,0,0,0,0,0,1,0,20251112,20261231
492.793.11,1,1,1,1,1,0,0,20251112,20261231
492.1558.11,0,0,0,0,0,0,0,20251112,20261231
492.314.11,0,0,0,0,0,0,1,20251112,20261231
492.494.11,0,0,0,0,0,1,0,20251112,20261231
493.793.4,1,1,1,1,1,0,0,20251112,20261231
493.314.4,0,0,0,0,0,0,1,20251112,20261231
493.764.4,0,0,0,0,0,1,0,20251112,20261231
495.2263.5,0,0,0,0,0,0,0,20251001,20260930
495.2206.5,1,1,1,1,1,1,1,20251001,20260930
497.28.3,1,1,1,1,1,1,1,20250630,20261231
501.1603.1,1,1,1,1,1,0,0,20250401,20261231
501.314.1,0,0,0,0,0,0,1,20250401,20261231
501.494.1,0,0,0,0,0,1,0,20250401,20261231
502.1603.4,1,1,1,1,1,0,0,20251101,20261231
502.1654.4,0,0,0,0,0,1,1,20251101,20261231
502.2170.5,1,1,1,1,1,0,0,20251101,20261231
503.1603.1,1,1,1,1,1,0,0,20250401,20261231
503.1603.2,1,1,1,1,1,0,0,20250401,20261231
503.1603.3,1,1,1,1,1,0,0,20250401,20261231
504.1603.1,1,1,1,1,1,0,0,20250401,20261231
504.1603.2,1,1,1,1,1,0,0,20250401,20261231
504.1603.3,1,1,1,1,1,0,0,20250401,20261231
507.1603.1,1,1,1,1,1,0,0,20250430,20261231
507.314.1,0,0,0,0,0,0,1,20250430,20261231
507.494.1,0,0,0,0,0,1,0,20250430,20261231
